min_sim  min_kind_p  top1   sugg.prec  wrong  missed  no-image refused   (TUNE split only)
   0.20        0.40  1.000      1.000      0       0               2/2
   0.20        0.50  1.000      1.000      0       0               2/2
   0.20        0.60  1.000      1.000      0       0               2/2
   0.20        0.70  1.000      1.000      0       0               2/2
   0.20        0.80  1.000      1.000      0       0               2/2
   0.25        0.40  1.000      1.000      0       0               2/2
   0.25        0.50  1.000      1.000      0       0               2/2
   0.25        0.60  1.000      1.000      0       0               2/2
   0.25        0.70  1.000      1.000      0       0               2/2
   0.25        0.80  1.000      1.000      0       0               2/2
   0.30        0.40  1.000      1.000      0       0               2/2
   0.30        0.50  1.000      1.000      0       0               2/2
   0.30        0.60  1.000      1.000      0       0               2/2
   0.30        0.70  1.000      1.000      0       0               2/2
   0.30        0.80  1.000      1.000      0       0               2/2
   0.35        0.40  1.000      1.000      0       0               2/2
   0.35        0.50  1.000      1.000      0       0               2/2
   0.35        0.60  1.000      1.000      0       0               2/2
   0.35        0.70  1.000      1.000      0       0               2/2
   0.35        0.80  1.000      1.000      0       0               2/2
   0.40        0.40  1.000      1.000      0       0               2/2
   0.40        0.50  1.000      1.000      0       0               2/2
   0.40        0.60  1.000      1.000      0       0               2/2
   0.40        0.70  1.000      1.000      0       0               2/2
   0.40        0.80  1.000      1.000      0       0               2/2
   0.45        0.40  1.000      1.000      0       0               2/2
   0.45        0.50  1.000      1.000      0       0               2/2
   0.45        0.60  1.000      1.000      0       0               2/2
   0.45        0.70  1.000      1.000      0       0               2/2
   0.45        0.80  1.000      1.000      0       0               2/2
   0.50        0.40  0.857      1.000      0       1               2/2
   0.50        0.50  0.857      1.000      0       1               2/2
   0.50        0.60  0.857      1.000      0       1               2/2
   0.50        0.70  0.857      1.000      0       1               2/2
   0.50        0.80  0.857      1.000      0       1               2/2
   0.55        0.40  0.857      1.000      0       1               2/2
   0.55        0.50  0.857      1.000      0       1               2/2
   0.55        0.60  0.857      1.000      0       1               2/2
   0.55        0.70  0.857      1.000      0       1               2/2
   0.55        0.80  0.857      1.000      0       1               2/2
   0.60        0.40  0.714      1.000      0       2               2/2
   0.60        0.50  0.714      1.000      0       2               2/2
   0.60        0.60  0.714      1.000      0       2               2/2
   0.60        0.70  0.714      1.000      0       2               2/2
   0.60        0.80  0.714      1.000      0       2               2/2
   0.65        0.40  0.571      1.000      0       3               2/2
   0.65        0.50  0.571      1.000      0       3               2/2
   0.65        0.60  0.571      1.000      0       3               2/2
   0.65        0.70  0.571      1.000      0       3               2/2
   0.65        0.80  0.571      1.000      0       3               2/2
